!
! Plot #:  1     Plot title:  
!
!       XST    XEND      Line Loc       F(cont)     EW(mA)      %E  FWHM(km/s) FWHM(km/s) Sig(A)                      Plot    Line Lam   Line ID
   3750.392   3750.732   3750.549    7.1183E-01      30.52    0.00      9.89      8.79     0.047     0.026     2.670     1    3750.550   O2(2s2_2p2(3Pe)3p_4So[3/2]-2s2_2p2(3Pe)3s_4Pe[5/2])
   3760.764   3761.132   3760.944    9.5760E-01       8.81    0.02     10.92     10.04     0.054    -0.011     2.728     1    3760.944   OIII(2s2_2p_3p_3De[3]-2s2_2p_3s_3Po[2])
   3763.371   3763.683   3763.528    9.4917E-01      13.49    0.01      9.30      8.46     0.046     0.007     2.699     1       0.000   
   3767.225   3767.452   3767.329    8.7694E-01       4.44    0.02      7.64      7.08     0.038    -0.007     2.638     1    3767.328   Ne2(2s2_2p4(3Pe)3p_4Po[5/2]-2s2_2p4(3Pe)3s_4Pe[3/2])
   3779.712   3780.073   3779.918    9.5390E-01      12.09    0.01      7.05      7.07     0.038    -0.408     4.040     1    3779.919   SIII(3s2_3p_4p_3Pe[2]-3s2_3p_4s_3Po[1])
   3792.188   3792.698   3792.491    9.2514E-01      12.86    0.02      7.33     12.96     0.070    -1.304     4.475     1       0.000   
   3807.008   3807.305   3807.176    9.5232E-01      13.70    0.01      7.00      6.43     0.035     0.004     2.709     1    3807.176   SIII(3s2_3p_5g_3Ho-3s2_3p_4f_3Ge)
   3807.454   3807.964   3807.657    9.5791E-01      42.17    0.00      9.36     16.79     0.091     0.665     2.376     1       0.000   
   3816.699   3824.457   3820.879    9.6840E-01     606.61    0.00     66.34    180.96     0.989    -0.092     4.217     1       0.000   
   3851.673   3852.311   3852.034    9.8686E-01      29.63    0.01      8.28     22.07     0.122    -0.311     1.533     1       0.000   
   3861.513   3861.854   3861.713    9.9420E-01      12.48    0.01      6.99      6.63     0.037    -0.100     3.186     1    3861.714   SIII(3s2_3p_4p_3Pe[0]-3s2_3p_4s_3Po[1])
   3865.318   3865.934   3865.603    9.9706E-01      39.75    0.01      9.60     21.45     0.119     0.521     1.846     1       0.000   
   3867.890   3869.420   3868.636    9.8807E-01     109.21    0.01     26.75     31.30     0.173     0.570     3.590     1       0.000   
   3883.092   3883.474   3883.294    9.2870E-01      34.45    0.00      9.93      8.88     0.049    -0.090     2.659     1    3883.294   O2(2s2_2p2(3Pe)3d_4De[7/2]-2s2_2p2(3Pe)3p_4Do[7/2])
   3900.010   3900.265   3900.133    9.6765E-01      12.89    0.01      7.13      6.44     0.036     0.079     2.685     1    3900.133   SIII(3s2_3p_4p_3Pe[1]-3s2_3p_4s_3Po[2])
   3912.853   3913.384   3913.089    9.9551E-01      48.83    0.00     11.02     13.98     0.078     0.709     3.240     1       0.000   
   3920.228   3920.568   3920.383    9.9483E-01      28.23    0.00      9.95      8.93     0.050     0.012     2.653     1    3920.382   O2(2s2_2p2(1De)3p_2Po[1/2]-2s2_2p2(1De)3s_2De[3/2])
   3925.414   3925.732   3925.578    9.8619E-01      18.56    0.01      8.39      7.39     0.041    -0.007     2.703     1    3925.579   SkIII(3s5g1Ge[4]-3s4f1Fo[3])
   3934.622   3934.941   3934.778    9.9767E-01      14.11    0.01      5.99      5.63     0.032    -0.056     2.897     1    3934.777   Ca2(3p6_4p_2Po[3/2]-3p6_4s_2Se[1/2])
   3945.886   3946.439   3946.154    9.9603E-01      28.17    0.01      9.83      9.34     0.053    -0.088     3.263     1    3946.154   O2(2s2_2p2(3Pe)3p_2Po[3/2]-2s2_2p2(3Pe)3s_2Pe[1/2])
   3955.222   3955.732   3955.483    9.8801E-01      42.62    0.00     10.53      9.76     0.055    -0.084     2.848     1    3955.481   O2(2s2_2p2(3Pe)3p_2Po[1/2]-2s2_2p2(3Pe)3s_2Pe[1/2])
   3965.127   3966.359   3965.833    8.8903E-01     123.03    0.00     26.80     25.98     0.147    -0.288     3.584     1       0.000   
   3974.160   3974.648   3974.381    8.1254E-01      44.15    0.00     10.88      9.49     0.054     0.021     2.711     1    3974.380   O2(2s2_2p2(3Pe)3p_2Po[3/2]-2s2_2p2(3Pe)3s_2Pe[3/2])
   3983.559   3984.069   3983.840    9.8206E-01      27.30    0.01      9.76      9.02     0.051     0.027     2.844     1       0.000   
   4007.943   4012.810   4010.613    9.8482E-01     257.55    0.01     41.59    110.25     0.632     0.215     4.242     1       0.000   
   4024.797   4025.499   4025.173    9.3288E-01      14.08    0.02     20.60     19.58     0.113     0.019     2.660     1       0.000   
   4070.568   4071.248   4070.916    9.9728E-01     118.43    0.00     11.72     24.22     0.141    -0.149     1.615     1       0.000   
   4073.076   4073.586   4073.303    9.9719E-01      79.61    0.00     12.58     10.51     0.061    -0.054     2.603     1    4073.302   O2(2s2_2p2(3Pe)3d_4Fe[7/2]-2s2_2p2(3Pe)3p_4Do[5/2])
   4076.752   4077.241   4077.013    9.9614E-01      91.00    0.00     13.37     10.86     0.063    -0.014     2.443     1    4077.012   O2(2s2_2p2(3Pe)3d_4Fe[9/2]-2s2_2p2(3Pe)3p_4Do[7/2])
   4079.797   4080.201   4079.994    9.9532E-01      29.26    0.01      9.63      8.91     0.052    -0.026     2.795     1       0.000   
   4084.813   4085.260   4085.052    9.9118E-01      18.59    0.01      9.35      8.81     0.051     0.034     2.835     1    4085.052   O2(2s2_2p2(3Pe)4f_2Go[7/2]-2s2_2p2(3Pe)3d_4Fe[5/2])
   4086.025   4086.492   4086.264    9.9051E-01      35.12    0.01      9.94      9.36     0.055    -0.117     3.207     1    4086.266   O2(2s2_2p2(3Pe)3d_4Fe[5/2]-2s2_2p2(3Pe)3p_4Do[5/2])
   4088.044   4088.532   4088.305    9.8544E-01      34.31    0.01     10.22      9.24     0.054     0.087     2.707     1       0.000   
   4089.808   4090.233   4090.016    9.7455E-01      59.26    0.00     10.22      9.34     0.055     0.006     2.855     1    4090.016   SkIV(4p_2Po[3/2]-4s_2Se[1/2])
   4090.233   4090.658   4090.443    9.7607E-01      53.16    0.00     11.45      9.76     0.057     0.029     2.533     1    4090.442   O2(2s2_2p2(3Pe)4f_4Go[11/2]-2s2_2p2(3Pe)3d_4Fe[9/2])
   4093.867   4094.356   4094.085    9.5627E-01      25.80    0.01      9.42      8.73     0.051    -0.118     2.695     1    4094.084   O2(2s2_2p2(3Pe)3d_4Fe[7/2]-2s2_2p2(3Pe)3p_4Do[7/2])
   4096.588   4097.055   4096.799    9.1432E-01      31.50    0.01     10.00      8.83     0.052    -0.178     2.365     1    4096.800   O2(2s2_2p2(3Pe)4f_4Go[7/2]-2s2_2p2(3Pe)3d_4Fe[5/2])
   4098.182   4098.713   4098.414    8.7414E-01      42.50    0.00     11.04     12.43     0.073     0.919     4.416     1    4098.413   O2(2s2_2p2(3Pe)4f_4Go[9/2]-2s2_2p2(3Pe)3d_4Fe[7/2])
   4105.690   4106.030   4105.881    8.0245E-01      26.41    0.00      9.31      8.17     0.048    -0.048     2.543     1    4105.882   O2(2s2_2p2(3Pe)3d_4De[5/2]-2s2_2p2(3Pe)3p_4Po[3/2])
   4106.030   4106.349   4106.150    8.1654E-01      16.52    0.01      8.66      7.69     0.045     0.062     2.441     1    4106.148   O2(2s2_2p2(3Pe)3d_4De[3/2]-2s2_2p2(3Pe)3p_4Po[3/2])
   4116.976   4117.549   4117.265    9.8505E-01      46.26    0.00      9.81      9.36     0.055    -0.072     3.545     1    4117.265   SkIV(4p_2Po[1/2]-4s_2Se[1/2])
   4120.079   4120.653   4120.378    9.8932E-01      70.88    0.00     12.29     10.33     0.061     0.116     2.462     1       0.000   
   4133.644   4134.303   4133.965    9.9750E-01      36.29    0.01     10.27      9.75     0.058     0.117     3.480     1    4133.966   O2(2s2_2p2(3Pe)3d_4Pe[3/2]-2s2_2p2(3Pe)3p_4Po[1/2])
   4142.188   4148.203   4145.265    9.8889E-01     387.74    0.01     53.18    128.95     0.764     0.270     4.327     1       0.000   
   4154.096   4154.797   4154.466    9.9833E-01      44.78    0.01     10.85     10.58     0.063    -0.365     4.258     1    4154.469   O2(2s2_2p2(3Pe)3d_4Pe[5/2]-2s2_2p2(3Pe)3p_4Po[3/2])
   4186.322   4186.854   4186.618    9.9989E-01      44.58    0.00     10.87      9.60     0.057     0.089     2.636     1    4186.619   O2(2s2_2p2(1De)3d_2Ge[7/2]-2s2_2p2(1De)3p_2Fo[5/2])
   4190.573   4191.210   4190.958    9.9831E-01      54.16    0.00     11.28     12.38     0.074    -0.950     4.563     1       0.000   
   4220.759   4221.248   4221.021    9.9980E-01      11.27    0.02      6.80      6.37     0.038     0.248     1.794     1    4221.021   SIII(3s2_3p_5g_3Fo-3s2_3p_4f_3De)
   4254.393   4254.925   4254.696    9.9955E-01      46.13    0.00      9.29      7.97     0.048    -0.067     3.212     1    4254.696   SIII(3s2_3p_4p_3De[3]-3s2_3p_4s_3Po[2])
   4267.996   4268.697   4268.309    9.9935E-01      40.79    0.01     24.28     19.13     0.117    -0.058     2.079     1       0.000   
   4277.624   4278.219   4277.913    9.9913E-01      49.57    0.00     15.47     13.81     0.084    -0.288     2.462     1       0.000   
   4278.347   4278.878   4278.632    9.9923E-01      19.14    0.01      9.48      9.07     0.055    -0.077     3.009     1    4278.631   O2(2s2_2p2(3Pe)4f_4Fo[3/2]-2s2_2p2(3Pe)3d_4De[1/2])
   4283.941   4284.324   4284.166    9.9665E-01      25.83    0.01      9.77      8.85     0.054    -0.079     2.653     1    4284.166   O2(2s2_2p2(3Pe)4f_4Fo[5/2]-2s2_2p2(3Pe)3d_4De[3/2])
   4285.876   4286.258   4286.109    9.9798E-01      34.11    0.00      8.23      7.15     0.044    -0.039     2.727     1    4286.110   SIII(3s2_3p_4p_3De[2]-3s2_3p_4s_3Po[1])
   4295.716   4296.375   4296.012    9.9868E-01      29.93    0.01     10.43     12.68     0.078     0.486     3.201     1       0.000   
   4304.542   4305.265   4304.950    9.9097E-01      59.60    0.00     10.54     18.80     0.116    -0.327     1.755     1       0.000   
   4314.212   4315.021   4314.654    9.9652E-01      24.32    0.01      9.91      9.68     0.060     0.093     4.060     1    4314.655   O2(2s2_2p2(3Pe)4f_4Fo[9/2]-2s2_2p2(3Pe)3d_2Fe[7/2])
   4317.996   4318.633   4318.353    9.9501E-01      64.82    0.00     11.15      9.69     0.060     0.037     2.671     1    4318.353   O2(2s2_2p2(3Pe)3p_4Po[3/2]-2s2_2p2(3Pe)3s_4Pe[1/2])
   4320.525   4321.312   4320.854    9.9354E-01      68.20    0.00     11.15     12.85     0.079     1.202     5.520     1       0.000   
   4326.519   4327.369   4326.959    9.8568E-01      22.35    0.01      8.97     12.74     0.079    -1.335     5.433     1       0.000   
   4333.580   4334.154   4333.886    9.4539E-01      22.39    0.01      8.01      7.73     0.048     0.892     0.584     1       0.000   
   4337.831   4338.320   4338.078    8.4318E-01      22.11    0.01      8.81      8.41     0.052    -0.167     3.136     1    4338.078   O2(2s2_2p2(3Pe)3p_4Po[3/2]-2s2_2p2(3Pe)3s_4Pe[3/2])
   4346.439   4347.077   4346.781    8.9585E-01      52.76    0.00     10.37      9.13     0.057     0.015     2.587     1    4346.782   O2(2s2_2p2(3Pe)3p_4Po[1/2]-2s2_2p2(3Pe)3s_4Pe[3/2])
   4348.182   4348.926   4348.610    9.3489E-01      39.47    0.01     10.00     14.05     0.087    -0.930     3.693     1       0.000   
   4350.307   4350.945   4350.649    9.5964E-01      92.54    0.00     12.72     10.48     0.065    -0.042     2.595     1    4350.649   O2(2s2_2p2(3Pe)3p_4Po[5/2]-2s2_2p2(3Pe)3s_4Pe[5/2])
   4352.199   4352.900   4352.507    9.7213E-01      56.93    0.00     10.93     14.03     0.087     0.899     3.693     1       0.000   
   4354.627   4355.052   4354.815    9.8285E-01      14.40    0.01      9.24      8.86     0.055     0.061     2.924     1    4354.815   O2(2s2_2p2(3Pe)4f_4Go[7/2]-2s2_2p2(3Pe)3d_2Fe[5/2])
   4362.449   4362.895   4362.692    9.9475E-01      17.08    0.01      6.98      6.60     0.041     0.016     3.199     1    4362.693   SIII(3s2_3p_4p_3De[2]-3s2_3p_4s_3Po[2])
   4365.679   4366.146   4365.887    9.9622E-01       9.01    0.02      6.81      7.10     0.044     0.102     3.706     1    4365.888   SIII(3s2_3p_4p_3De[3]-3s2_3p_3d_3Do[3])
   4367.890   4368.399   4368.122    9.9625E-01      71.23    0.00     11.49      9.85     0.061     0.054     2.634     1    4368.122   O2(2s2_2p2(3Pe)3p_4Po[3/2]-2s2_2p2(3Pe)3s_4Pe[5/2])
   4370.228   4370.780   4370.500    9.9773E-01      14.12    0.02      9.28      8.80     0.055     0.035     2.866     1    4370.499   O2(2s2_2p2(3Pe)3d_2De[3/2]-2s2_2p2(3Pe)3p_2Do[3/2])
   4386.109   4391.572   4389.105    9.8827E-01     473.59    0.00     43.32    112.70     0.707    -0.242     4.019     1       0.000   
   4396.821   4397.501   4397.143    9.9881E-01      27.22    0.01     10.35     14.23     0.089    -0.550     2.432     1       0.000   
   4415.743   4416.465   4416.138    9.9799E-01      89.10    0.00     13.56     11.35     0.072     0.098     2.699     1    4416.138   O2(2s2_2p2(3Pe)3p_2Do[5/2]-2s2_2p2(3Pe)3s_2Pe[3/2])
   4417.847   4418.548   4418.215    9.9930E-01      71.10    0.00     12.26     10.72     0.068    -0.013     3.005     1    4418.215   O2(2s2_2p2(3Pe)3p_2Do[3/2]-2s2_2p2(3Pe)3s_2Pe[1/2])
   4420.674   4421.078   4420.837    9.9968E-01      10.60    0.01      4.83      4.54     0.029    -0.094     2.159     1    4420.837   FeIII(3d5(6S)4p_5Po[3]-3d5(4P)4s_5Pe[3])
   4438.128   4439.404   4438.816    9.9598E-01      75.07    0.01     22.43     24.24     0.154    -0.095     3.820     1       0.000   
   4449.202   4449.733   4449.440    9.9962E-01      16.67    0.01      9.34      8.75     0.056     0.039     2.741     1    4449.440   O2(2s2_2p2(1De)3d_2Fe[7/2]-2s2_2p2(1De)3p_2Fo[7/2])
   4449.733   4450.265   4450.019    1.0001E+00      12.22    0.02      9.21      8.50     0.054     0.031     2.798     1    4450.018   Ne2(2s2_2p4(3Pe)4f_4Go-2s2_2p4(3Pe)3d_4Fe)
   4453.368   4453.941   4453.628    9.9979E-01      24.45    0.01      9.50      9.02     0.057     0.019     3.028     1       0.000   
   4469.186   4475.923   4472.543    9.7962E-01     677.29    0.00     49.52    161.80     1.035    -0.320     3.288     1       0.000   
   4482.156   4482.879   4482.469    9.9946E-01      54.70    0.00      9.41     17.41     0.112     0.165     1.796     1       0.000   
   4490.445   4491.019   4490.720    9.9984E-01      16.14    0.01      9.52      9.31     0.060     0.007     3.191     1    4490.721   O2(2s2_2p2(3Pe)4f_2Do[3/2]-2s2_2p2(3Pe)3d_2Pe[1/2])
   4492.209   4492.762   4492.481    9.9958E-01      24.99    0.01     10.07      9.37     0.060    -0.076     2.852     1    4492.482   O2(2s2_2p2(3Pe)4f_2Do[5/2]-2s2_2p2(3Pe)3d_2Pe[3/2])
   4530.307   4530.732   4530.459    1.0003E+00      18.55    0.01      7.69      7.56     0.049     0.208     3.534     1    4530.459   AlIII(4d_2De[5/2]-4p_2Po[3/2])
   4553.517   4554.218   4553.897    9.9868E-01      85.30    0.00     10.13      9.00     0.059    -0.231     4.017     1    4553.898   SkIII(3s4p3Po[2]-3s4s3Se[1])
   4568.697   4569.526   4569.120    9.9953E-01      69.75    0.00      9.29      8.65     0.057    -0.211     4.831     1    4569.121   SkIII(3s4p3Po[1]-3s4s3Se[1])
   4575.732   4576.327   4576.039    9.9989E-01      37.83    0.01      7.71      7.25     0.047    -0.028     3.497     1    4576.039   SkIII(3s4p3Po[0]-3s4s3Se[1])
   4591.869   4592.613   4592.260    9.9976E-01      68.92    0.00     11.83     10.35     0.068    -0.035     2.947     1    4592.260   O2(2s2_2p2(1De)3p_2Fo[7/2]-2s2_2p2(1De)3s_2De[5/2])
   4596.970   4597.884   4597.435    9.9992E-01      66.01    0.01     11.24     14.99     0.099    -0.812     3.629     1       0.000   
   4603.049   4603.771   4603.419    9.9966E-01      24.73    0.01      9.83      9.08     0.060    -0.085     2.900     1    4603.418   O2(2s2_2p2(3Pe)4f_2Fo[5/2]-2s2_2p2(3Pe)3d_2De[3/2])
   4639.893   4640.466   4640.155    1.0002E+00      68.28    0.00     11.23      9.73     0.065     0.003     2.668     1    4640.155   O2(2s2_2p2(3Pe)3p_4Do[3/2]-2s2_2p2(3Pe)3s_4Pe[1/2])
   4642.698   4643.591   4643.111    9.9986E-01     105.59    0.00     13.27     11.45     0.076     0.446     4.872     1    4643.110   O2(2s2_2p2(3Pe)3p_4Do[5/2]-2s2_2p2(3Pe)3s_4Pe[3/2])
   4648.394   4648.968   4648.719    1.0003E+00      30.73    0.01     14.08     12.92     0.086     0.036     2.745     1    4648.720   CIII(2s3p3Po[2]-2s3s3Se[1])
   4650.116   4650.796   4650.435    9.9916E-01     125.38    0.00     14.42     11.54     0.077     0.073     2.520     1    4650.436   O2(2s2_2p2(3Pe)3p_4Do[7/2]-2s2_2p2(3Pe)3s_4Pe[5/2])
   4651.242   4651.837   4651.548    9.9950E-01      23.34    0.01     13.53     12.26     0.082    -0.023     2.706     1    4651.548   CIII(2s3p3Po[1]-2s3s3Se[1])
   4651.837   4652.454   4652.143    9.9936E-01      67.54    0.00     11.20      9.87     0.066     0.072     2.865     1    4652.141   O2(2s2_2p2(3Pe)3p_4Do[1/2]-2s2_2p2(3Pe)3s_4Pe[1/2])
   4662.597   4663.256   4662.936    1.0000E+00      75.81    0.00     11.58      9.96     0.066     0.082     2.692     1    4662.937   O2(2s2_2p2(3Pe)3p_4Do[3/2]-2s2_2p2(3Pe)3s_4Pe[3/2])
   4674.776   4675.329   4675.043    9.9922E-01      19.87    0.01      8.86      8.81     0.059     0.308     3.687     1    4675.041   O2(2s2_2p2(3Pe)3p_4Do[1/2]-2s2_2p2(3Pe)3s_4Pe[3/2])
   4677.199   4677.942   4677.544    1.0001E+00      65.63    0.00     11.08      9.80     0.066    -0.073     3.081     1    4677.544   O2(2s2_2p2(3Pe)3p_4Do[5/2]-2s2_2p2(3Pe)3s_4Pe[5/2])
   4686.152   4687.852   4687.005    9.9617E-01      60.35    0.01     37.39     40.63     0.272    -0.012     2.768     1    4687.007   He2(4___-3___)
   4700.052   4700.838   4700.466    9.9969E-01      65.67    0.00     11.83     17.65     0.119    -0.367     2.207     1       0.000   
   4704.154   4704.813   4704.479    1.0004E+00      16.58    0.02      9.40      9.11     0.061    -0.072     3.223     1    4704.477   O2(2s2_2p2(1De)3d_2Fe[5/2]-2s2_2p2(1De)3p_2Do[3/2])
   4706.349   4706.944   4706.662    9.9935E-01      53.56    0.00     12.13     10.45     0.070    -0.017     2.738     1    4706.662   O2(2s2_2p2(3Pe)3d_2Fe[7/2]-2s2_2p2(3Pe)3p_2Do[5/2])
   4713.703   4715.296   4714.499    9.9367E-01     167.68    0.00     30.37     28.34     0.191     0.036     3.373     1       0.000   
   4851.184   4871.120   4862.343    9.6109E-01    2269.37    0.00    138.73    445.61     3.098    -0.325     3.448     1       0.000   
   4891.848   4892.762   4892.220    9.9688E-01      20.26    0.02      9.19      9.18     0.064     0.079     3.590     1    4892.222   O2(2s2_2p2(3Pe)3d_4Pe[1/2]-2s2_2p2(3Pe)3p_4So[3/2])
   4907.836   4908.538   4908.200    9.9860E-01      34.47    0.01      9.84      9.52     0.067    -0.075     3.511     1    4908.200   O2(2s2_2p2(3Pe)3d_4Pe[3/2]-2s2_2p2(3Pe)3p_4So[3/2])
   4920.482   4925.328   4923.172    9.8316E-01     451.92    0.00     35.95    108.13     0.761    -0.742     3.733     1       0.000   
   4925.583   4926.221   4925.902    9.8707E-01      43.68    0.01     10.31      9.55     0.067     0.048     3.007     1    4925.904   O2(2s2_2p2(3Pe)3d_4Pe[5/2]-2s2_2p2(3Pe)3p_4So[3/2])
   4942.039   4942.868   4942.451    9.9980E-01      22.59    0.01      9.98      9.42     0.067     0.018     3.236     1       0.000   
   4944.080   4944.781   4944.384    9.9970E-01      33.73    0.01     10.95      9.71     0.069    -0.035     2.701     1    4944.385   O2(2s2_2p2(3Pe)3d_2De[5/2]-2s2_2p2(3Pe)3p_2Po[3/2])
   5016.041   5017.996   5017.078    9.9542E-01     202.94    0.00     31.37     30.06     0.216     0.033     3.999     1    5017.077   HeI(1s_3p_1Po-1s_2s_1Se)
   5048.352   5049.903   5049.152    9.9774E-01     116.93    0.00     23.86     23.65     0.171    -0.120     3.642     1       0.000   
